$ 1 0.0000049999999999999996 35.60246606707791 50 5 43 5e-11
r 128 160 128 208 0 1000
406 128 208 160 224 0 0.05 0.999 1:-1 2 0 0 
t 128 288 160 288 0 1 0 0 100 default
w 128 240 128 288 0
w 160 240 160 272 0
w 128 160 160 160 0
w 160 160 160 208 0
w 160 320 160 304 0
162 208 272 208 320 2 default-led 1 0 0 0.01
w 160 272 208 272 0
w 160 320 208 320 0
403 272 272 400 336 0 8_64_0_4107_2.5_0.2_-1_2_8_3
418 128 160 80 160 0 1 40 5 0 0 0.5 Voltage
w 160 320 112 320 0
g 112 320 112 336 0 0
207 128 208 80 208 4 Inductor1
207 160 208 208 208 4 Inductor2
207 128 240 80 240 4 Inductor1-GND
207 160 240 208 240 4 Inductor2-GND
207 208 272 240 272 4 OUT-Vol
